1.228572041663765368e+01
9.150839147524596484e+00
8.643448794042909000e+00
8.448545047494231852e+00
8.275015527802395354e+00
8.077023295239285972e+00
7.879398732377378423e+00
7.814675083412931045e+00
7.702565981129001038e+00
7.721225347659543381e+00
7.690737323583283214e+00
7.673744500164617399e+00
7.711211625147223359e+00
7.732975314308951909e+00
7.731503282655429743e+00
7.727566278625741525e+00
7.698613940596385596e+00
7.645960127573746767e+00
7.615205493305522211e+00
7.644199795520191465e+00
7.631066286362349516e+00
7.646319664600310873e+00
7.654161206820324637e+00
7.646854245313653209e+00
7.627037238894573967e+00
7.613816830949995840e+00
7.620724876939923398e+00
7.632949124076902514e+00
7.647712078505048972e+00
7.637354339903963840e+00
7.628325983470547023e+00
7.622351665947556754e+00
7.613235370544948033e+00
7.606458735008579275e+00
7.600754472213088420e+00
7.602611425718415639e+00
7.590766562554230212e+00
7.585683573279695224e+00
7.581703244273105824e+00
7.574136012170601617e+00
7.570717509126462019e+00
7.565094709731063460e+00
7.563304784200879816e+00
7.562553832170614498e+00
7.556686807805598427e+00
7.554900368631137120e+00
7.555341703288177335e+00
